53930497065283851305922712483182776753114840354464404562164411614889708720139332150821931276043511466810367117706715908433773432066009825035434633327475726672565144220312235543393876046018256077620017679281503569662806850182261578252467120267508457776104972027089862921069631481863384995485839349226736191019906
5068610007465094671587415658123195064972081074302149610148980653569
53930497065283851236884161185443279750328161453633816102850314379811825361884289272895912599572407377737897594455421949306420993671849990030974895268297814916640845934785963684350711349448667304930732269958983119421689637240591435893649626480290478158006740491035116022765448401807125821524521790801409021057922
255328586820695621958926301768092955303680736769
710114468265356104943220747844583643345760441941635901401185277622488661092006540554607376735917540883021637345492804114862334976849265376318070443992658988878117380742819145997730766258921026194795770871164550194890466143046491234184337924555365216571339073558308337377153680367399813746079001294649832764679125
192585327431168903784489357546369167064195991727983424486982966349134981312664934131860820558193677830117403449462852049100663485382717449934051728912117768289473419778911382823566849
1794070522628429610623948632412070324268671345679037373158576256807023515337983888516232760774362242858649642747459157750595173560383649721235442896685943134313565517681692602194292720034331994073410431209381043062255138239210063539970789524287518310835288031074436654945588571673491889855257443841
100093219430709590320692561835401497798251619582821539644759909200799034631031402273369038325085323676679266762133630514721451123402397135367822110952688949999703719946401747265450765094374255881854206178636961670381730621554753025
628295321388947004231600554844207407965252657425581516142017142330914938862281220220353643367280883560010228197272311711879664688999398021203056743727918640581357550022621391895115518050105407100299174004948206307577442963450078956326418062775472202247185328163691359342186078709953396225
205283570193287614292925434905495387979664559494585209715045185057544079098933515453355196686730149502158301623792684536228972781050699323626708931309207209677812486041601848169149867298417650923854889607942447834497956735658260552565972861144922805429715926230529458896053009921
872331355954905031947777829366304049132659980543175042858122580249674731948416311680880599440179833161634340914342732988255414457801160319211733636447196090699211841132668269768346617392656570097810872200710143569555343519440313569554188196122568219252902434290772646801870057163159132462087343571864627077531483
2687618325687742029096012309331425946436812674826692561645291123474920701441
1673532678776126535284169886496314356078217290571009407198746657391418574295383563284784109221030127412765916995084105617360116712868381065029489244099169785606392518539470822940164127994155008860320174784943653634465316597714558452627214344300547624665258527770182238533233903153577894947775493254675980314299712
332486909967726306269852819824529969512589921682580509215033161991968835984561487614480069230081
453033457011911050320396690891233514177850758915635473093363785655498702943692955801795010549572017001431749973969269192667658953303788918948080901487553924873204087217588429313974574980824189865849809293942573161759553576864085551093070735736389388991544905734667482643618846619099016540396978268497847350797269
38498562950250093306742172502845646711771836295196826004761413503027322448368432134900258168791166644058296265658157069542726188405552723200028308468901821322890500693360129
1489808279016136327655901382335172058963584587331572434830039792106147526069430769821601102238091374293461298456251723886642359802974243859691673064704029418017774341731258013338741290109105520106460077731857219168612547368564634316101779816869022690519127815188562223111103010788809084438759710027179311625751872
212921066312826116629531041946467084524818468406103930759484041678880086055855491652724501590801377197569
718339281528812964243747523814519236873518059025263288990410370632084548930579256346050054066586105548520765236493140693454229748621184429029185917554248901300817563476243189830271167161464159937494027705926768042669676818020325760179972504497355767262446419581089425110279423409108475214261389542928642582518658
625718776524577420874694055078638159357502230604414414436448665089
706222307619669156657442061285878695542648697303432146699072449419772924100967980349966967343001741651890912371089220392982013402457039770778047970423993298784404422790441436226356961328958086945292638133656951409482457516041445868760738305383966838903408141119544931758135603924253944055359197704834668924061531
46500486795769656270081034344243866236360904611566444405367211464936150785670033268984304049887304914192286004378166349007063966088718670565048874584255885424927177091120641
177122332812347032238425672907361417416165648469314916419513164372402213553439872462533733699780026875796633808490847997447841531357888785854861396001898123088413986656740896532754000633829241450474224406650070092892822398535032721437363781339084194332639051352859156070977527894374966891640093681992185421051029
359343799129034838305381775665729277671309997381471689421998339000391566048997902709805155417601
193248810073455519667572914770573246483898515764494768215876792054304989820373207677474003025409
47796305779667481383400418503864885592789950565412804027194948216634812733078820607350448119579605641840361707150502943562869310146328690214993192201943529885682359436599809898212029390516237784761111438907127222661997042478398313187250348467578420200848702117024693761
526952895754529491243956889589418249627116128256863938650034853737315482282276122170216426181631351763772142934061776398695957264165396892734696344984335994494026535517628893938081439682723329
10841337509337634327160945773087803078497395012937226219018867033208080838990125239221515587411014550239866673113783988121053011370879609726377638200637501769763638625696198871413529125311259095047806551982461767675822367913825657294236231592887065201539612161
2953352108529448578566852437403859037561716107166081914396728393856557253697470839535348850834815776876376011086002371674379670057601971399713780956984468556401264865158337604269514785436171911647337869802080788570950335811188428797642490781365991735132405386048214058212292176962642264348164161025
19565025596070667155630522031237536456050849456019837410075555170206953679656553005292513060623569740117205298166111835512781573306776725118169391188429693426635872892157441
63429481090979864846534309293249734722495285815847808615191960612418410444281175790451210617610238625392272765326302880834437184721023834405481727407861231161395425999752053563497050582177052900650263165505737221630201730287274208968614032380356702143156038831553282384971086180284475439300053705001289545537617
14158899517028033996812367763195699575987592059268767693205070190628892699630520195005553653648176771596402877514107207027376770894750281373274934643369052117436434999223181147705950003188328003926433891535093249
1726747948160841280632225062123379814216783438933453527052834680264985280291622042162823807175431922505090385342193781247812216430468499736234931483035890671397209753862676470680268441225498528918470338774012565748313619046329257323887154578207823207803575025772638229679920520389202715246145181244718652636019134
71683374134421372604976035198212833008740730244475270329452783263504044742382858822000137503002736082066656904321304364974712631246497756304821418428465568882949681167399021085468796440217996660334995562304738671307324929
1673532678776126535269941177810744626483524779816544133022121069404339768292601547530880665595163367465884626175754003156328049518930570274216966342090067871335790654972271295614528182284358026994885053021474377137885911676322599981379451674027939654808149889673965444011317998544290096186661570749448105746844992
936778531108004741740693780504753328608433393124918098537663629414299697199058350913202049537874502004865126272984901453213715120949350291450167037866702490926534004218628126249908569884392961
1673532678776126535269941177810744712417185384124166055693681380640987439784886741658372399467947026601803788752991037859161186740595768684959648431813583121584857199136241881573167125451740769925138573839087531734205749772800805700781592299060513601201324128524765627719141774188200968788078996561196491995696448
655050993505496394465202119733137881005631634027026667133309800572057912296370564002711313359612191143252094870631526002494066519932764001612824574593599468658061644704230628781934872467930625
1700672498909176738441798653190045114184781022039040573854914907064403159478924167139955092381744404752509025525247419820929345006884253703957854008036277379943459413173202365960509995829260085424598975495798559245309166638462904603136955729569936561290089770243386509579897489518303890178137239700111475281962660
35510463715967362177208070798063302924923922395078254372613390739697194631608557006730611590942918679173847739731773404831412000078037472325650330676860450884659458326199809
1673532678776126535269941177810744641648914547307478931055417973747850978059741851982367232027821056469958226009254678402714886077134597271212038808086035227148417660411811649723988335371967056941293878664609704175083094596297753989655579699749810460716199253373989132431151963224887887413860496335540975464697152
16599091212025914985556903511382740668591858599412483600028225065248443301092843598649801388833493516712242518192395365899094993622119586327550378431276871803606910158845850226327041
1489811082322067400686834818329440598733326227867263059864299761920837427970713307570763058850575640367280761304102545839168222797060502639084637510665434974182025342431674920292563259310691830174393776696145189547077387072389330153807847732420857061601079851139470366505700717492081277136349581935490037705166144
60392693851751571125797387789740242310142289169107372873608225034195350619012327583227058571640299509734399624656102072563218154721119733153163929830737069150910269160212380318384196644617982429508216737643146445354746700712958012688893328291238337148939456234875025857006940790592669632951819425975361070548324
60564679014487213937665173096933424641
825776509024563008474555185606036260139399059874858607062809606039393283644262958552914455144093373692671266748449119450967042252239897600087900408607224372895221020717383469069509602071602403867076913263916028565032781304864487382503102638684350501239588214952015395341914725720446073022412177567029877813985235
447534513042455800324180063520524146923379971494370608849156616080913007149953202412979883450469870839907866277730423135703050472236363903264291287539264683127051182566469423160055264058225450751799578906508935372740716825955200312645036157484203521
1726780667715771757054167146747892238352563550504663175751793198737797210358585730941877671423786919329797370883464962320835527896394740617745569888173154209803479422720957455340197965054109716205254763309031765623419288019297009819382643253342341551955936285723243030697954575381969955502214056356322112630962622
586918335159203787595655763155859954386033737671695161176838241408521982446617176137046651642599151380053410948804542591371795889632478532533761
959154026451100493674878011816670582489002371698276335578399812160602281149512899978255193679942895683891805762568182704855884144157710142661239010736282311370113469048458166389711539389893518596623628142952368325011082066170424753605541864913483618909927003721026060244528546612110078791980762252028911323498227
12842254083409325193997373342906429873169305540635506450209461724519628298334294841330161819153731063440291375609287029488591956153033692912327456506886397192348610075943148615006064105113512522639928858981236225
1489811082322067400686834818323146379726098154968304256109045737763053690734201789422516245022632944867365174108707350570051108051341903952136002309882825364633193371916187938054540687693402485639588102062416402595432921927158762878104455248268107295811856764130580746072360341251703534890892728670923183675231552
753004122908132418063724088544869209922639516032369308578110842767534115582019407265754907934685537915591036571600644470101116038014349200410374427189848069913947914430905366139086696626585089
415505195770952225693134130137981070505132055532009719844221030530213445951548411005113429094795025965183984028156486726587109652910279845745752742576646246871847325617117949609054929240019728302814796845801789134686750664169190020802158812239804150463035531423294407897372575438942107256817247542236551087994005
152286796369133317333632580699691848664914899621967521108873945248536334381414215732393352504653743408347407283645021525279043290548012797242222301611420180572416133733605934748295361762256518998795600335074446557429474290566110659631105397528309263215444689264879835219889250392587959809
193248810073455519667572914770573246483898515764494768215876792054304989820373207677474003025409
47796305779667481383400418503864885592789950565412804027194948216634812733078820607350448119579605641840361707150502943562869310146328690214993192201943529885682359436599809898212029390516237784761111438907127222661997042478398313187250348467578420200848702117024693761
526952895754529491243956889589418249627116128256863938650034853737315482282276122170216426181631351763772142934061776398695957264165396892734696344984335994494026535517628893938081439682723329
10841337509337634327160945773087803078497395012937226219018867033208080838990125239221515587411014550239866673113783988121053011370879609726377638200637501769763638625696198871413529125311259095047806551982461767675822367913825657294236231592887065201539612161
2953352108529448578566852437403859037561716107166081914396728393856557253697470839535348850834815776876376011086002371674379670057601971399713780956984468556401264865158337604269514785436171911647337869802080788570950335811188428797642490781365991735132405386048214058212292176962642264348164161025
19565025596070667155630522031237536456050849456019837410075555170206953679656553005292513060623569740117205298166111835512781573306776725118169391188429693426635872892157441
28594316943078304880105713777448573849686912733857409155693977686222225680217556992212877742820714033770839560535661493784245235737835594748107715476262491415670631915586801387283233495102365359631039901712133995054038529
18897725609447718752385952287011722876981623581187475154683575578282006676047106222162969965357691777215553990306583099857392618386443765488070835127495402771562964399777948525299370476308382194433146233974561823200689655938215838091074529572685715730776261548789205963800494088284028993286086626094713208321
122811656121980013027171241696878247006246110031123524250996606346478209038529722636482731813870243179772334293053535331403567941393601999496672433231779945093481338000550746665914799684038394978880665634006255256639467077243043329
47796305779667481383400418503864885592789950565412804027194948216634812733078820607350448119579605641840361707150502943562869310146328690214993192201943529885682359436599809898212029390516237784761111438907127222661997042478398313187250348467578420200848702117024693761
526952895754529491243956889589418249627116128256863938650034853737315482282276122170216426181631351763772142934061776398695957264165396892734696344984335994494026535517628893938081439682723329
766094078994736602079550360364918222526302982567451004543722056446744285701505049563670488490082543097923697139683494532658150409297894170097715782497857982426347563600369707771934172920821630302620225998075267444883387393321276967616889723364685630042438549014578756452369855578172139077245716436495419274870739
13361078590343517660247826779616427793792048129107090738581447175481948125287648373019167849350532973698939257196803960766302770068538011920244039726554346266561387369068581386262520354068047725447342840191450625
161606409606085871124283322355763697266361659785497578249394417693717938787066221148475023267766024764974095400597944791650151577671702546843098039836817361038478337300041497526007690209668008745037591862297097507178873064019128260739518774604407740971381075536665934599108654293863368969809849783059691539280909
12443496697312548317714677900520435742215580946680953301851827331829064306274375391935651457724101776356143036916898248703300291707920314884722945154520900096294401
926149287079727970232359477916702144926534645028338938136761771148973925105312414322010770036129361784966636765390788118539670697476975690890314623423453484353756976804641856465428714331029074075632639317050014750231525760307623716131009114901211938937334794136704245556613775471142928934298307430221669296387555
33378139587931425745132616586485905458492028856086621715079385583193070189389268345891015687681
1711301972358694157251166054448079968089798018464030314455160612784159925508580713406545221738166488447718746285521164143859005981620795828877101699771140811790897475972355772653574179005709725502248912982642776754288360879184519424473437699054725195150794678904429239265725500053326002349091832428715397639459303
1399181750566052408799402304133575630698140039035435613445715343257999951653980842167459490833142040406152232077244778501140538075828439404746392981912135625525053048219968877608660002829189344026401292608641203557598211860939949470554420372723532494741151640458285762859332098619307261441
566525817302891651374214573589911126804547150192237713214204771058080656289280648205292465672124452777623670396797312144520740574653069695974675227188938008747387799515630931096636355514242279565352442817082649772589117810204908914427046013967085959996321980120904139079144945885998697642981977290358222570964723
339344456748268281706393180480436786539310250497730774968067373194650023277063700667724570554896943476264677820007995486501370599342617763444131261923058290910186553754647302740453397555701853016396580116999239346005115528854151969913461517561234388626187076336575946495304465921
454968751296410487172527546625677067674679395407731926452379141190451213509631034301297580018376347640564773400082001689951511690789146849362919918889421669481448698748572620886189121727767560449371963890642987097388079936795330508834481665771871962042454553419334239432698125940026692684299953132357314775876539
485920179500518040394224681905577673910242041617320569972392468721874716468204259571566237862468574069513580097617660541283801471705771759697409
1489803473102638691487537730239119961464932969610484553100567426894606625254010753179767219897673230338184780703003439137942113563091312738578343888515066396181529766163317187369113181429769967306278874581227702386810642334307847753650561200097546791935062280752489965297370893445294361259044825542883336098762048
1550561586427368138977189207356724604602628267332048961930548259070545467538925687099885476330865309745010547773974466095483602766357131935544612173641548042169537471297491559319392510346325182461946046803531869399117690203391882805769008973307506387944110953622862878106741823443720335544178813738844361103411766
28147583234932225
1247203786792788971367636182196898672708117419574500281549332388397621327507180107164680347227448466279431463747738437691443129025980274329353902554115365116995008779068881805753901332354256780300242077605819031935821114000987526909997302337099449913722679776652543580912614464977548235379852133470548642933875381
506909337768979942239488234173771811577363430879475203944109010235991216482329197215261245576490655756996331805164718338815869607171540581459772636331157509493276683515640396550066202105323860416441477094392315166593853049918285485324292187165576655011076404922581434892262899201
1673532678776125789300008708565335471817485746404890314385444642064136411527279322610787766067917976225215535590326812737503382369025458837893277997544051758947405477941668876821357233998648009694150172656055711696210909408467777784003449702670520518786726039660457725018115179440464307975761319135008564156386624
291888286362050826153048649663790940661884488458235558572285644005966016055826333696082421449002934493964869630258210074215573873398647782766138909255514951740116359410654058592162281012522985061326003915787646937522621183527288321
419961256092013013651619860291632206046765845737957633129622506644263712772209847500441380253926695854414479364561152065860457510037154820150444988037557221608997384481213183589615794597954730948142739752654745975443857183754669469613578307731166344902960920069017491386979083773132525549222805719409382135600775
55255029831346606132314363415082389824370264990902432201798816478083620685758457302485479406794400994179526234284366392467004559964405599423455298665131205884411947201396225
497510893069160050779391894031765917447504615899277579763478947841946887094995243231831682328585913780741859673346057318956569202701980393936429132761788827807957980974983685469117531530044301154684656962522031274841177117233485087783216912892792531834144362321383909953946899899195747863158737273985911981785043
41609181349255082537015802688385501654716522034370588932919407280456994894869029664742949775905663532221189859516164752206812802883881376276774909456914409483593838074330625
1489809880895636768617956903260218859384922836130808346940743132906816716871159434066910480346827904710992272629997401315619600253889036411668830572499343391044366806025834233417184973572181462151217017573227090383109547923809867813469087619819266478043262393648083509733161380116445846890320337583172095610277184
6009443641318645765115984568169205429996464681142417004817007864801993653112700984467832144763589129392802522640513606201029830797057690898480067185299779662961456224615005242127109771440712244114470490922497793669429746386300160986175297305562845463254230521538184897641497871247962993602250997249
193248810073455519667572914770573246483898515764494768215876792054304989820373207677474003025409
47796305779667481383400418503864885592789950565412804027194948216634812733078820607350448119579605641840361707150502943562869310146328690214993192201943529885682359436599809898212029390516237784761111438907127222661997042478398313187250348467578420200848702117024693761
526952895754529491243956889589418249627116128256863938650034853737315482282276122170216426181631351763772142934061776398695957264165396892734696344984335994494026535517628893938081439682723329
10841337509337634327160945773087803078497395012937226219018867033208080838990125239221515587411014550239866673113783988121053011370879609726377638200637501769763638625696198871413529125311259095047806551982461767675822367913825657294236231592887065201539612161
2953352108529448578566852437403859037561716107166081914396728393856557253697470839535348850834815776876376011086002371674379670057601971399713780956984468556401264865158337604269514785436171911647337869802080788570950335811188428797642490781365991735132405386048214058212292176962642264348164161025
19565025596070667155630522031237536456050849456019837410075555170206953679656553005292513060623569740117205298166111835512781573306776725118169391188429693426635872892157441
28594316943078304880105713777448573849686912733857409155693977686222225680217556992212877742820714033770839560535661493784245235737835594748107715476262491415670631915586801387283233495102365359631039901712133995054038529
18897725609447718752385952287011722876981623581187475154683575578282006676047106222162969965357691777215553990306583099857392618386443765488070835127495402771562964399777948525299370476308382194433146233974561823200689655938215838091074529572685715730776261548789205963800494088284028993286086626094713208321
122811656121980013027171241696878247006246110031123524250996606346478209038529722636482731813870243179772334293053535331403567941393601999496672433231779945093481338000550746665914799684038394978880665634006255256639467077243043329
47796305779667481383400418503864885592789950565412804027194948216634812733078820607350448119579605641840361707150502943562869310146328690214993192201943529885682359436599809898212029390516237784761111438907127222661997042478398313187250348467578420200848702117024693761
526952895754529491243956889589418249627116128256863938650034853737315482282276122170216426181631351763772142934061776398695957264165396892734696344984335994494026535517628893938081439682723329
1104315336355865958866932447423092861916267688228984371286600660392250249998899805194608503437534807921920754062769952365529526063737968820036795810605113982545712252580393216503274944738957165403740846136784686049615448118463115587030103850333207838342473329119955408084461188302519195076336547797192658674188517
4457829036705449624711499061793402522672063165106670014898176173438476452515658768733363175197088149302135076516645884603474041411621527809209268386586187435387003993720945791600287599358457014829672559747230254024206025027620899937939401074431557121
1489806276524679276092446672785996188934559872845332761846265485662081486458254813502657733623500969178205145996607509923296690248965829127806197558960035398346275565623957631433458531768695000230610424319167355075886775173042952656882669929816051230279191755549048940728142583459253768326362991624302331374947648
74220667089205948450012088739068291838508153135821657268721192273541803225505175282843541374183797951235799506316461384655855231680964991160579331439398533530850278229937783406916212438250840641822695179863443168240401921
1553817530665302186755943431766681892517268869783493563609535371482265034031361210372568729072193670024497675650947545975055821513590984359510257094575859473548151351644195676953228858333052934047669973995284557135122431426328181326680214824129828697376482546818778140472809449536616201801878977979076972615717351
44020803806354466359709006330377665307394562483702857410036693678191686096539862911857475161040083792679809030045635809392633803102193087518938241867368745304563864467209729
698393508815529712776448488830129035362860458009530945264608243909431642091004843856890326026770776882024274077999787056809544746659538631551683293467886389013926785362217654581449460261047461188345846902325367611801020061280450813060714166663787144706214765031345253096009636567725515085250940970924660340880580
11357905678580489367120646036137638698901787163455973178411446674985517926706771410252576975913861037193274140643735452475180644892161
566523973346739120950687184079694978518727446169961534530356738661669972163674962433673642310341548506656968198365034985688848985889413158612085274553235265149560078288229031178753283988602366929548020193017245490190906152937048634506059681660213165447721994890440370801974445161883692770602331781840117809334003
24297145867476013780791632695927492882867469325177715347056431073981611483851587364294378865457948750891244529818212705041921
1489804674571847020282844130706525879103779591291667998488106478282243824591173969426748740640944897347577007545455706251198442643489692348417902342697755641386822652077622286507902985565055939395540788142442570340564488796319397305532251869243863006671595278244850607883237884872451767632909913292534455533653312
1369131811910465318006843879576150551477424018325826363058930777920392189018174346978658468957052155016690285574854846220530053290752154593421588004169392032620966016423469090483156299169851859562499537916968692035443231998513520150419930625
1489802271596765003243653217055787171613656075706352708457755073663340603972421847569189696419375450078121217177735451035944506030092111603930347745551486859932262336371369265246819402861805342949827074465116730381300574912170409140628632991760173430328480065490685241651586706036356435280880830394231905764068672
7869292633086888754738560951667286031155732394828947921227616836605528079600304125102676476840715016308613774650839295302644408643693087303492115865019362781571017627507434271174213080479835156128407701421655771267628705895398252432460930257727216681392374268306296172910252332970726520178465635841
546516314449427741401394258648783519056480568035363777969545904751216881821430234656934315262598756079311532975855399595104159549920177277071947746910392374134780069668294803761446978542175287380429395913278293127900645450277843210376919847866099074472752282437342817411625800174397430644207558472775944805622741
1399182630492685932130622630476951318006801521853278864394785189096806853752419079420784411230017013345029563197067265755209295822777097127609395292998870209211730472279836652132675442474888939299761265002800316264524918550619031397385911988107864705484274458696765903782610525937337433601
1553817530708078217873448147197138450010303550823215996592292222122747995248989979951057372376612569846891413927512073048827016133832990874644530743915414935667167848588850728674109698737744292860518346496260694115530517728169902530425958502743979845299219208000465489351375005342873904915308354543380952058057191
904773562365014122114900888677593262431482804476451691425273500171907871389493010916399637712322587868953247570677601289028374270340198744367829344097058802458186635039562798961482442316250625
779686073630781549282059497541465966032746984810491180001846771851697167219385211881377510223039351818200555738796242977785831758699177067620760508437798171333948746893753532306560682964297324111443716239323538800551850179834075986892969042182880754473990570113156804207607807609126068031893630040534449838206012
16599708571891575244392061311128167601994801034299004470484273466063080124081624887294747959164565033676619512739698957983514689956246494804091506639038953874873185374355796049067521
63429481090979466337371411926905610011913026215935468570948820636160479404002868078046573765397232523125256858128165148599426771157554008925837799237583041243531010655446785972570070004835256990606292208128350941720283955812997120469265367085806582838082677738519203112526009167620821574507577624037646640732241
209516379266107170813283986381386544944333321005835265947240132433608845870773286664801172827425571491045567680501196148421889962240600751441735629995521
177122332812347032238425672912848189375700557980092043536874337375225520082914912387533961686533789004510456524067117420578191924599065698032243503836034120763214421922455107763905879161083407326511420386886424797538206091832801764042996629235136008224480602601470302156200883219854978288017413915079084902266005
415976568070598019321245796637980511908450752280885565957528979675406668234225887643573414808666620736875009277320746421929829031498837797734486128961878766569443607013728138857068967666402470083106609568769995640468078170389690025164702973977904900681659245276586586191581078961456858619126439684441343518507164
28147583234932225
193248810073455519667572914770573246483898515764494768215876792054304989820373207677474003025409
47796305779667481383400418503864885592789950565412804027194948216634812733078820607350448119579605641840361707150502943562869310146328690214993192201943529885682359436599809898212029390516237784761111438907127222661997042478398313187250348467578420200848702117024693761
526952895754529491243956889589418249627116128256863938650034853737315482282276122170216426181631351763772142934061776398695957264165396892734696344984335994494026535517628893938081439682723329
10841337509337634327160945773087803078497395012937226219018867033208080838990125239221515587411014550239866673113783988121053011370879609726377638200637501769763638625696198871413529125311259095047806551982461767675822367913825657294236231592887065201539612161
2953352108529448578566852437403859037561716107166081914396728393856557253697470839535348850834815776876376011086002371674379670057601971399713780956984468556401264865158337604269514785436171911647337869802080788570950335811188428797642490781365991735132405386048214058212292176962642264348164161025
19565025596070667155630522031237536456050849456019837410075555170206953679656553005292513060623569740117205298166111835512781573306776725118169391188429693426635872892157441
28594316943078304880105713777448573849686912733857409155693977686222225680217556992212877742820714033770839560535661493784245235737835594748107715476262491415670631915586801387283233495102365359631039901712133995054038529
18897725609447718752385952287011722876981623581187475154683575578282006676047106222162969965357691777215553990306583099857392618386443765488070835127495402771562964399777948525299370476308382194433146233974561823200689655938215838091074529572685715730776261548789205963800494088284028993286086626094713208321
122811656121980013027171241696878247006246110031123524250996606346478209038529722636482731813870243179772334293053535331403567941393601999496672433231779945093481338000550746665914799684038394978880665634006255256639467077243043329
96107123658071077725287250460549220558225138824228775380149031608831070817781274766170822129169126882655042407072971484242457599797296372053180786764699483687009808336867158078324225
387242907607817221824329329272987466257620361553477079674290556310658095562663831643305527016961
122690781893797566006881391999641957140321873188219950220090070212566173235484427346432629708913213725467744009590697392478743347386061946477300212368517161817859965456042519045406209
